NN
expresions
../data/expressionsTr.gz ../data/expressionsTe.gz 2 48 4.2
m =

   15    0    0    2    0
    0    8    0    0    0
    0    0    8    0    0
    0    0    0    6    0
    0    0    0    0    9

gauss2d
../data/gauss2DTr.gz ../data/gauss2DTe.gz 876 10000 8.8
m =

   4541    443
    433   4583

gender
../data/genderTr.gz ../data/genderTe.gz 24 474 5.1
m =

   231    15
     9   219

iris
../data/irisTr.gz ../data/irisTe.gz 9 132 6.8
m =

   44    0    0
    0   37    7
    0    2   42

news
../data/newsTr.gz ../data/newsTe.gz 1438 4996 28.8
m =

 Columns 1 through 13:

   174     0     0     2     3     1     1     3     0     0     0     2     3
     0   139    13     4     9     9     1     1     1     5     0     0    15
     2    18   199    12     6     9     1     3     0     2     0     0     5
     1    10    10   176    16     4     6     7     2     0     1     0    13
     2     8     1    12   173     0     6     3     3     1     0     0    13
     1     7    10     5     5   134     1     4     5     0     2     1     9
     0     1     3     6     6     4   124     6     3     1     5     0    21
     3     2     3     1     5     1     2   171     2     1     2     3     8
     0     1     0     0     4     1     2    14   175     1     0     1     6
     0     0     2     0     0     0     3     0     1   203    23     0     4
     1     1     0     2     2     1     0     0     2    13   234     0     7
     1     5     3     1     8     1     3     1     0     0     0   243    11
     2     5     5     4     6     5     3     6     5     3     1     5    84
     6     3     1     1     3     1     2     7     0     0     2     0     9
     0     7     0     0     1     3     2     9     1     0     0     0     8
    20     1     2     3     0     2     2     0     0     0     0     0     1
     2     0     0     1     2     0     3     0     2     1     1     3     8
     4     1     0     0     3     0     0     5     0     0     0     0     5
     6     0     2     1     3     0     0     0     5     0     0     1     6
    45     0     0     1     2     0     0     3     0     0     0     1     4

 Columns 14 through 20:

    13     5    12     7     3    10    46
    17     2     0     1     0     1     0
     5     0     0     0     1     1     1
    16     2     2     1     0     0     1
    10     1     3     0     0     1     4
    17     4     0     2     0     0     2
    21     2     0     2     0     1     1
     7     1     2     5     2    10     1
     6     2     0     1     1     0     5
    14     5     1     0     0     3     2
     8     4     2     0     2     1     1
     5     4     0     1     0     3     1
    28     7     2     0     0     5     2
    94     5     3     5     3     7     4
    18   185     0     8     2     3     5
     6     3   269     1     1     3    10
    13     3     0   205     3     8    13
    14     1     0     7   246    14     0
    19     3     3    10    10   175    23
    13     5     6     8     1    29   155

ocr
../data/ocr20x20Tr.gz ../data/ocr20x20Te.gz 2 300 0.7
m =

   29    0    0    0    0    0    0    0    0    0
    0   38    0    0    0    0    0    0    0    0
    0    0   15    0    0    0    0    0    0    0
    0    0    0   28    0    0    0    0    0    0
    0    0    0    0   35    0    0    0    0    0
    0    0    0    0    0   28    0    0    0    0
    0    0    0    0    0    0   25    0    0    0
    0    1    0    0    0    0    0   31    0    0
    0    0    0    0    0    0    0    0   29    1
    0    0    0    0    0    0    0    0    0   40

videos
../data/videosTr.gz ../data/videosTe.gz 52 1348 3.9
m =

   664    14
    38   632

PCA-NN
expresions
39/4096 ../data/expressionsTr.gz ../data/expressionsTe.gz 2 48 4.2
m =

   15    0    0    2    0
    0    8    0    0    0
    0    0    8    0    0
    0    0    0    6    0
    0    0    0    0    9

gauss2d
2/2 ../data/gauss2DTr.gz ../data/gauss2DTe.gz 876 10000 8.8
m =

   4541    443
    433   4583

gender
206/1280 ../data/genderTr.gz ../data/genderTe.gz 25 474 5.3
m =

   231    15
    10   218

iris
2/4 ../data/irisTr.gz ../data/irisTe.gz 15 132 11.4
m =

   44    0    0
    0   34   10
    0    5   39

news
57/100 ../data/newsTr.gz ../data/newsTe.gz 1484 4996 29.7
m =

 Columns 1 through 13:

   163     0     0     2     3     1     0     5     5     2     0     2     2
     0   145    12     4     5    11     1     1     3     5     0     0    11
     2    14   198    12     8     9     3     3     1     2     0     0     6
     1    11    12   170    16     3    12     4     4     0     1     4    10
     2     8     2     9   174     0     8     1     4     2     0     0    13
     1     8    12     7     5   135     2     2     3     0     2     1     8
     0     4     6     9     5     4   121     7     2     3     6     0    12
     3     2     1     0     4     1     4   166    10     2     0     3     8
     0     1     0     0     7     1     2    10   176     1     0     1     4
     0     0     2     0     0     0     2     0     2   197    31     0     4
     1     0     0     2     2     1     0     0     2    18   231     0     6
     0     1     3     2     8     1     4     4     1     0     0   239    11
     2     5     4     4     9     3     1     6     7     9     0     5    79
     5     3     1     1     3     1     2     5     0     0     2     0     9
     0     5     0     0     0     1     2     7     2     0     1     1     7
    19     0     2     3     0     2     1     0     2     0     0     0     1
     4     0     1     1     3     0     6     0     0     1     0     3     5
     4     1     0     0     3     0     0     5     3     0     0     0     5
     6     0     0     1     3     0     0     1     5     2     0     1     4
    48     0     0     1     1     0     0     3     1     0     0     1     4

 Columns 14 through 20:

    11     6    16     3     4    12    48
    16     2     0     1     0     1     0
     6     0     0     0     0     0     1
    14     2     2     1     0     0     1
     9     2     3     0     0     1     3
    15     4     0     2     0     0     2
    21     1     2     2     0     1     1
     9     1     2     5     2     8     1
     8     1     2     0     1     0     5
    14     2     2     0     1     2     2
     8     3     2     0     2     1     2
     4     3     0     3     2     4     1
    28     7     2     0     0     5     2
    96     7     3     5     1     8     4
    18   188     0     8     1     5     6
     3     3   268     1     3     0    16
    10     5     1   201     1    12    14
    17     3     0     2   242    13     2
    16     3     2    14    10   173    26
    14     5     8     9     1    27   150

ocr
181/400 ../data/ocr20x20Tr.gz ../data/ocr20x20Te.gz 2 300 0.7
m =

   29    0    0    0    0    0    0    0    0    0
    0   38    0    0    0    0    0    0    0    0
    0    0   15    0    0    0    0    0    0    0
    0    0    0   28    0    0    0    0    0    0
    0    0    0    0   35    0    0    0    0    0
    0    0    0    0    0   28    0    0    0    0
    0    0    0    0    0    0   25    0    0    0
    0    1    0    0    0    0    0   31    0    0
    0    0    0    0    0    0    0    0   29    1
    0    0    0    0    0    0    0    0    0   40

videos
651/2000 ../data/videosTr.gz ../data/videosTe.gz 48 1348 3.6
m =

   661    17
    31   639

PCA-GAUS
expresions
gauss2d
gender
iris
news
ocr
videos
PCA-GAUS
expresions
39/4096 ../data/expressionsTr.gz ../data/expressionsTe.gz 3 48 6.2
m =

   15    0    0    0    2
    0    7    0    0    1
    0    0    8    0    0
    0    0    0    6    0
    0    0    0    0    9

gauss2d
2/2 ../data/gauss2DTr.gz ../data/gauss2DTe.gz 677 10000 6.8
m =

   4395    589
     88   4928

gender
206/1280 ../data/genderTr.gz ../data/genderTe.gz 228 474 48.1
