# Created by Octave 5.2.0, Fri Sep 24 15:31:05 2021 CEST <jocalmo@alumno.upv.es@ldsic-vdi17.upvnet.upv.es>
# name: w
# type: matrix
# rows: 3
# columns: 2
 124000 -124000
 752.47000000036564 -752.47000000036564
 -95856.149999996953 95856.149999996953


