# Created by Octave 5.2.0, Fri Sep 24 15:31:16 2021 CEST <jocalmo@alumno.upv.es@ldsic-vdi17.upvnet.upv.es>
# name: w
# type: matrix
# rows: 1281
# columns: 2
 -3300 3300
 -228624.08299999934 228624.08299999934
 -502380.11299999955 502380.11299999955
 218763.10000000015 -218763.10000000015
 -480622.7610000014 480622.7610000014
 618415.99799999909 -618415.99799999909
 -153521.27000000005 153521.27000000005
 1376892.0071999915 -1376892.0071999915
 1064317.7824000006 -1064317.7824000006
 653832.4814000011 -653832.4814000011
 684542.61659999937 -684542.61659999937
 -943913.74000000197 943913.74000000197
 -163908.00599999857 163908.00599999857
 -691987.11100000679 691987.11100000679
 11988.072000000106 -11988.072000000106
 287407.13279999944 -287407.13279999944
 527053.15619999915 -527053.15619999915
 127956.37500000118 -127956.37500000118
 39014.068800001078 -39014.068800001078
 503337.60400000145 -503337.60400000145
 -184792.14300000077 184792.14300000077
 -253329.77939999866 253329.77939999866
 -398740.04000000044 398740.04000000044
 -646326.63979999768 646326.63979999768
 312222.94400000595 -312222.94400000595
 -55334.505600000513 55334.505600000513
 -37975.367999999828 37975.367999999828
 -273521.67000000231 273521.67000000231
 -20190.416800000545 20190.416800000545
 273646.59000000119 -273646.59000000119
 -184282.44999999963 184282.44999999963
 -279999.84400000045 279999.84400000045
 1224871.4059999981 -1224871.4059999981
 -222804.95500000066 222804.95500000066
 -588661.49499999895 588661.49499999895
 200562.52400000033 -200562.52400000033
 -70497.822599999679 70497.822599999679
 -168520.32120000024 168520.32120000024
 -698308.0290000001 698308.0290000001
 923304.1383999848 -923304.1383999848
 -202382.22799999846 202382.22799999846
 -449275.20999999583 449275.20999999583
 -125013.33300000007 125013.33300000007
 172668.4750000007 -172668.4750000007
 -847490.22820000397 847490.22820000397
 -367030.36300000182 367030.36300000182
 -19391.079999999572 19391.079999999572
 -364854.36940000171 364854.36940000171
 154408.15300000072 -154408.15300000072
 -561309.32199999492 561309.32199999492
 -273251.76900000084 273251.76900000084
 141487.0190000025 -141487.0190000025
 -112240.45920000033 112240.45920000033
 316262.09799999953 -316262.09799999953
 1005808.6496000061 -1005808.6496000061
 154402.63199999998 -154402.63199999998
 -474521.90600000089 474521.90600000089
 401433.91139999562 -401433.91139999562
 -73614.813000000024 73614.813000000024
 -209354.17960000134 209354.17960000134
 -435756.72059999569 435756.72059999569
 -2493.300999999552 2493.300999999552
 148182.35420000026 -148182.35420000026
 -493689.97160000342 493689.97160000342
 -929101.05699999968 929101.05699999968
 -229358.12240000084 229358.12240000084
 7489.4360000002125 -7489.4360000002125
 -55407.630000000456 55407.630000000456
 126938.86519999971 -126938.86519999971
 1067832.3379999904 -1067832.3379999904
 139201.4509999993 -139201.4509999993
 68337.08239999965 -68337.08239999965
 -38096.820200001945 38096.820200001945
 -309865.15400000248 309865.15400000248
 331131.95400000014 -331131.95400000014
 -182978.84039999946 182978.84039999946
 695698.99999999662 -695698.99999999662
 563930.23700000125 -563930.23700000125
 412648.467 -412648.467
 305179.52819999913 -305179.52819999913
 32814.02799999986 -32814.02799999986
 290373.25860000087 -290373.25860000087
 -9915.837000000538 9915.837000000538
 287355.2727999991 -287355.2727999991
 13742.95819999951 -13742.95819999951
 280505.80720000272 -280505.80720000272
 69570.426200000453 -69570.426200000453
 5367.4307999998646 -5367.4307999998646
 -876318.82000000158 876318.82000000158
 17553.418600000063 -17553.418600000063
 -469958.36060000147 469958.36060000147
 -193506.99080000169 193506.99080000169
 193428.14499999877 -193428.14499999877
 -70997.011400000745 70997.011400000745
 -4759.9775999999983 4759.9775999999983
 483834.18119999755 -483834.18119999755
 -169556.92200000031 169556.92200000031
 -198254.23259999949 198254.23259999949
 46266.609000000535 -46266.609000000535
 72759.428999999567 -72759.428999999567
 -76507.100000000384 76507.100000000384
 353314.64900000038 -353314.64900000038
 -398734.97800000518 398734.97800000518
 -244423.76239999878 244423.76239999878
 -543783.65480000176 543783.65480000176
 627235.61099999968 -627235.61099999968
 39581.509999999791 -39581.509999999791
 -128309.39599999989 128309.39599999989
 2400.1169999998656 -2400.1169999998656
 -58577.973000002828 58577.973000002828
 -610073.77200000058 610073.77200000058
 -307487.76799999696 307487.76799999696
 356392.69499999972 -356392.69499999972
 177595.5878000001 -177595.5878000001
 -967680.46380000224 967680.46380000224
 -663262.25720000546 663262.25720000546
 310784.3466000029 -310784.3466000029
 -57171.059199999967 57171.059199999967
 -314603.9439999981 314603.9439999981
 -395357.84479999676 395357.84479999676
 136442.96739999985 -136442.96739999985
 297367.44700000156 -297367.44700000156
 132558.51640000028 -132558.51640000028
 495020.03959999862 -495020.03959999862
 232833.54439999993 -232833.54439999993
 -228674.10180000041 228674.10180000041
 107162.051199999 -107162.051199999
 134693.55500000008 -134693.55500000008
 234763.21720000054 -234763.21720000054
 119604.27899999972 -119604.27899999972
 179885.48100000017 -179885.48100000017
 222911.60499999893 -222911.60499999893
 -94481.876000000309 94481.876000000309
 -498951.1108000041 498951.1108000041
 147356.60299999965 -147356.60299999965
 74726.122000000178 -74726.122000000178
 -111833.9170000008 111833.9170000008
 125179.45500000232 -125179.45500000232
 -174047.34499999983 174047.34499999983
 27076.084200000132 -27076.084200000132
 -4800.3056000000115 4800.3056000000115
 62853.027999999409 -62853.027999999409
 62222.182799999631 -62222.182799999631
 -310701.77399999968 310701.77399999968
 -690766.52339999564 690766.52339999564
 -520102.41199999873 520102.41199999873
 401814.54200000502 -401814.54200000502
 378992.59699999576 -378992.59699999576
 484238.29000000062 -484238.29000000062
 50958.613800000261 -50958.613800000261
 1193669.3969999966 -1193669.3969999966
 -14515.991800000482 14515.991800000482
 219330.80199999982 -219330.80199999982
 633905.49939999729 -633905.49939999729
 475225.63600000285 -475225.63600000285
 324086.68819999928 -324086.68819999928
 -188823.83699999927 188823.83699999927
 22254.813999999937 -22254.813999999937
 -250278.04100000075 250278.04100000075
 -336557.69199999981 336557.69199999981
 -124581.38700000085 124581.38700000085
 254309.20500000077 -254309.20500000077
 -1727053.1309999933 1727053.1309999933
 -181005.32660000055 181005.32660000055
 49398.071800000253 -49398.071800000253
 -442913.37900000013 442913.37900000013
 -336885.23700000055 336885.23700000055
 -407173.63520000171 407173.63520000171
 -115064.01500000039 115064.01500000039
 -299611.72599999729 299611.72599999729
 264143.240999998 -264143.240999998
 218681.60859999867 -218681.60859999867
 1004803.628599998 -1004803.628599998
 106796.9745999991 -106796.9745999991
 -41802.006000000154 41802.006000000154
 124575.91779999998 -124575.91779999998
 356574.14499999973 -356574.14499999973
 289747.49000000296 -289747.49000000296
 11135.907399998527 -11135.907399998527
 315647.36200000282 -315647.36200000282
 317574.26099999965 -317574.26099999965
 -327236.9439999999 327236.9439999999
 -230589.69399999827 230589.69399999827
 -215826.96200000073 215826.96200000073
 142722.99940000009 -142722.99940000009
 144914.93119999953 -144914.93119999953
 316063.73799999891 -316063.73799999891
 -595773.51100000006 595773.51100000006
 -522726.21899999958 522726.21899999958
 -142383.94600000043 142383.94600000043
 356965.86200000066 -356965.86200000066
 -271250.51200000115 271250.51200000115
 167438.598 -167438.598
 59718.731999999844 -59718.731999999844
 60311.113200001782 -60311.113200001782
 191691.94600000014 -191691.94600000014
 -244878.98400000061 244878.98400000061
 354599.35579999984 -354599.35579999984
