# Created by Octave 5.2.0, Fri Sep 24 15:46:37 2021 CEST <jocalmo@alumno.upv.es@ldsic-vdi17.upvnet.upv.es>
# name: w
# type: matrix
# rows: 101
# columns: 20
 -146190400 -146189700 -146189400 -146188500 -146189100 -146190300 -146190300 -146190700 -146192400 -146190200 -146192000 -146191400 -146187800 -146188700 -146190300 -146188800 -146189500 -146191800 -146191500 -146191800
 -10804600 -10803200 -10803000 -10802400 -10802900 -10802500 -10802300 -10803100 -10802600 -10802800 -10802600 -10801200 -10803600 -10804800 -10801900 -10803100 -10798700 -10803000 -10798600 -10803800
 -1966800 -1967700 -1965900 -1967300 -1967800 -1967500 -1967000 -1966400 -1966600 -1965800 -1966200 -1959100 -1965300 -1966900 -1967100 -1966500 -1965600 -1963000 -1967300 -1967000
 -2258200 -2263800 -2261600 -2257700 -2257400 -2263500 -2258300 -2259600 -2257900 -2258800 -2258000 -2258300 -2257000 -2259100 -2256700 -2257600 -2248900 -2259100 -2256300 -2256600
 -203100 -205400 -204800 -205900 -205200 -204500 -204400 -204100 -203000 -204400 -203400 -204000 -206600 -206200 -204900 -205800 -205900 -190200 -196300 -200900
 -10481300 -10482100 -10481700 -10482900 -10482700 -10481600 -10481400 -10482400 -10482900 -10481700 -10481800 -10482100 -10481500 -10483000 -10482000 -10482200 -10483200 -10482300 -10481300 -10481000
 -5129800 -5131200 -5133000 -5132900 -5131600 -5132200 -5129900 -5131700 -5130600 -5126600 -5126800 -5131300 -5132100 -5132700 -5131800 -5132300 -5131600 -5131200 -5132100 -5131800
 -159700 -155300 -154200 -153700 -156600 -156200 -155000 -159300 -155500 -160900 -163800 -156100 -154800 -156900 -156400 -154500 -165300 -141000 -150900 -153000
 -126000 -127200 -127900 -129300 -130600 -129400 -126100 -127000 -126300 -126600 -125800 -108400 -134600 -128700 -117000 -128700 -126900 -126700 -129800 -127000
 -3329700 -3329400 -3329000 -3329000 -3327300 -3330100 -3326600 -3328300 -3327900 -3326800 -3326900 -3328600 -3328100 -3328400 -3329200 -3328600 -3328900 -3327800 -3329600 -3329500
 -69100 -68700 -70400 -71700 -70000 -69000 -67500 -69800 -68100 -69200 -68000 -58200 -71900 -71400 -69300 -69100 -64000 -70200 -66500 -69600
 -4427900 -4427100 -4426600 -4426700 -4427000 -4426300 -4426700 -4426600 -4426700 -4426200 -4426500 -4426100 -4427200 -4428300 -4426600 -4427900 -4422300 -4427400 -4427200 -4422600
 -1410000 -1409300 -1410000 -1410700 -1410700 -1410600 -1409300 -1411400 -1410700 -1408100 -1404600 -1409700 -1406900 -1411400 -1411900 -1410300 -1410600 -1410300 -1411600 -1410800
 -353700 -341500 -363100 -374700 -351400 -328500 -353100 -352800 -351300 -352600 -351900 -351600 -354000 -349000 -354700 -354400 -354400 -352500 -355800 -343900
 -1603200 -1603200 -1605900 -1594900 -1599000 -1624700 -1600000 -1603200 -1603100 -1602800 -1603500 -1602600 -1603300 -1603800 -1602900 -1603500 -1604300 -1602500 -1602600 -1604600
 -4812400 -4813700 -4813800 -4813500 -4813400 -4813700 -4813700 -4813500 -4813400 -4813600 -4813200 -4814000 -4813500 -4813800 -4814000 -4816500 -4813600 -4815000 -4811700 -4811200
 -5659400 -5660500 -5660600 -5660300 -5660100 -5659700 -5659900 -5659800 -5660000 -5660600 -5659600 -5660300 -5660700 -5660500 -5660900 -5660200 -5658100 -5658100 -5657900 -5660400
 -2530800 -2529700 -2529900 -2530400 -2529800 -2529400 -2529500 -2529300 -2528700 -2529700 -2528600 -2529200 -2529700 -2530800 -2530200 -2530200 -2526100 -2529900 -2529400 -2525900
 -3240500 -3240200 -3240700 -3240700 -3240600 -3240500 -3240100 -3240200 -3240300 -3241000 -3240100 -3240300 -3240400 -3241000 -3240500 -3239100 -3240400 -3235800 -3238700 -3240500
 -14493300 -14496000 -14496400 -14495400 -14496000 -14496100 -14495500 -14495500 -14495800 -14495800 -14496100 -14495800 -14495800 -14494700 -14495500 -14494400 -14496600 -14495900 -14495700 -14494000
 -7155500 -7158500 -7159000 -7160200 -7158700 -7159000 -7160000 -7158500 -7160200 -7159700 -7160200 -7158600 -7158700 -7158300 -7158700 -7158900 -7159200 -7160900 -7161500 -7155600
 -7506200 -7505600 -7505500 -7505200 -7505100 -7504900 -7505000 -7504600 -7504800 -7505000 -7504800 -7504400 -7505400 -7503900 -7505000 -7504700 -7503100 -7504500 -7502900 -7504600
 -5377400 -5379000 -5379900 -5381000 -5370700 -5379100 -5377700 -5378400 -5377900 -5380200 -5377400 -5378400 -5377400 -5378400 -5377900 -5380100 -5380500 -5378600 -5378900 -5375000
 -5473300 -5474500 -5475900 -5475800 -5476300 -5476000 -5476000 -5476500 -5475800 -5476700 -5475400 -5476300 -5474500 -5476900 -5471900 -5477500 -5476300 -5474700 -5477100 -5472700
 -13216500 -13214000 -13214800 -13213900 -13216300 -13215100 -13215300 -13215300 -13215100 -13216500 -13216700 -13217200 -13215200 -13216900 -13214100 -13215300 -13215500 -13214900 -13215800 -13216100
 -1103400 -1102400 -1103300 -1099200 -1104000 -1102500 -1102700 -1102300 -1101600 -1096000 -1097200 -1102400 -1102400 -1103600 -1100800 -1102700 -1102000 -1102000 -1101200 -1103000
 -514900 -513800 -515300 -513400 -514000 -514400 -512600 -512300 -512700 -500700 -501700 -511100 -514600 -512900 -511300 -513300 -514600 -513100 -515600 -513700
 -14295500 -14292500 -14294600 -14296400 -14295200 -14293400 -14294900 -14295400 -14294900 -14295800 -14295100 -14293600 -14293600 -14293700 -14293900 -14295300 -14296300 -14294800 -14294400 -14294800
 -5087100 -5090000 -5089900 -5088700 -5090700 -5090000 -5089200 -5089600 -5088900 -5089700 -5088700 -5089900 -5089700 -5090100 -5090200 -5086900 -5089400 -5089200 -5092300 -5087700
 -9852300 -9851400 -9851200 -9844400 -9855200 -9849800 -9851000 -9851800 -9851200 -9852300 -9852000 -9850600 -9851100 -9851900 -9852900 -9852200 -9851600 -9851900 -9852100 -9851900
 -13635400 -13637500 -13636200 -13636300 -13635500 -13634900 -13634900 -13634100 -13635200 -13630700 -13635300 -13635700 -13635600 -13634000 -13634900 -13634400 -13634800 -13635100 -13636100 -13636800
 -2271700 -2270100 -2269900 -2269700 -2269400 -2269500 -2268700 -2269400 -2268700 -2269300 -2268900 -2269600 -2271200 -2270700 -2269800 -2270800 -2259300 -2267900 -2270500 -2266500
 -1831300 -1830700 -1831300 -1831200 -1830700 -1830800 -1828200 -1829600 -1828500 -1821400 -1823400 -1829600 -1832600 -1831100 -1828300 -1831100 -1829600 -1830100 -1830700 -1828800
 -1555200 -1550900 -1550400 -1549400 -1551100 -1551300 -1549400 -1550300 -1549600 -1550800 -1549400 -1550600 -1550500 -1550500 -1550900 -1544300 -1548500 -1550500 -1551900 -1541100
 -5541200 -5539900 -5540100 -5540500 -5540300 -5540000 -5539900 -5539800 -5539900 -5540600 -5539700 -5540200 -5538900 -5540000 -5540300 -5539200 -5536700 -5539400 -5540200 -5540400
 -511000 -511600 -510400 -510100 -509300 -511000 -507100 -509000 -508400 -496200 -506800 -509100 -511500 -511400 -509100 -510200 -510000 -508400 -509700 -508800
 -1119000 -1119200 -1124600 -1124500 -1115600 -1120500 -1097600 -1116900 -1118200 -1119500 -1120400 -1122700 -1121500 -1111900 -1119300 -1118000 -1117400 -1117500 -1117400 -1117900
 -2258200 -2260400 -2260100 -2259200 -2258500 -2254200 -2258500 -2256800 -2258700 -2258200 -2258400 -2253600 -2259500 -2259400 -2258800 -2258700 -2259500 -2258700 -2257800 -2259100
 -8900 -3300 -3300 -3600 -3100 -3300 -2700 -7100 -3300 -3600 -2800 -3100 -3600 -3900 -3800 -4100 -6900 12400 1000 -3300
 -10900 -6800 -6100 -6400 -6700 -11100 -3900 -7600 -2900 -17600 8000 -21800 -7100 -10300 -6900 -9700 -6900 -4000 -4200 -4600
 -5400200 -5399700 -5400400 -5399700 -5399300 -5398000 -5400000 -5400000 -5399800 -5400600 -5399700 -5400000 -5399600 -5397800 -5391800 -5400800 -5400600 -5400300 -5400200 -5401500
 -841000 -840700 -840400 -840600 -841000 -839900 -839300 -840300 -838800 -830500 -832800 -839500 -840400 -839600 -837300 -840100 -840700 -839500 -842800 -841400
 -6751500 -6751800 -6751800 -6752000 -6752000 -6751700 -6748900 -6741800 -6750300 -6751600 -6750600 -6751400 -6747300 -6752200 -6751900 -6751900 -6752400 -6751700 -6751200 -6751500
