# Created by Octave 5.2.0, Fri Sep 24 15:30:34 2021 CEST <jocalmo@alumno.upv.es@ldsic-vdi17.upvnet.upv.es>
# name: w
# type: matrix
# rows: 197
# columns: 10
 -184700 -162200 -168600 -184700 -173600 -152700 -164300 -165700 -220700 -185300
 0 0 0 0 0 0 0 0 0 0
 0 0 0 0 0 0 0 0 0 0
 -900 -1432.8 -5208.1999999999998 -2216.4000000000001 -1816.4000000000001 4891.8000000000002 -408.19999999999999 -3667.1999999999998 -4908.1999999999998 -3508.1999999999998
 -1868 -7445 -6309 -5268 -5195 593 -2255 7431 -5142 -4813
 -3527.5999999999985 -11844.899999999998 1781.8000000000002 -7814.4000000000024 -2217.1000000000004 -7607.1999999999989 -7410.7999999999993 16557.900000000001 -6744.8000000000002 -5643.9999999999991
 -10956 -18913 -8059.4000000000051 -7337 2195 -15107.500000000018 -9160.3000000000065 6640 6142 -20818.099999999999
 -10976 -24671 -18770.699999999993 -13014 -19341 -31920.300000000003 -25581.099999999999 -18577.000000000007 -11148 -8827
 -33647.999999999978 -36145 -45868.500000000015 -29229.400000000023 -41569.700000000004 -45819.100000000006 -32533.800000000028 -50600.900000000009 -29264.100000000002 -8540.8999999999978
 -56545.199999999924 -34665.199999999997 -49161.399999999936 -59214.299999999996 -67824.999999999913 -44281.399999999921 -49594.199999999946 -78947.799999999988 -36168.70000000007 -31002.399999999878
 -52067.699999999997 -47737 -41045 -50894.399999999892 -66822.699999999997 -57543.399999999907 -54809.300000000003 -46012.400000000001 -43700.300000000148 -34620.5
 -53391.799999999967 -47260.400000000001 -48932.600000000006 -52199.999999999964 -43757.500000000015 -49587.700000000004 -52665.100000000006 -50482.800000000017 -57900.50000000008 -53436.599999999919
 -28411.700000000001 -12030 -28590.700000000001 -27627.099999999999 -13990.599999999999 -15102.299999999999 -23643.400000000001 -16334 -28241 -27875
 -12399.099999999991 3448.1000000000004 -17909.700000000001 -24675.700000000001 -6734.3999999999996 14877.099999999995 -15458.4 -10831.300000000001 -11702.5 -6867.7999999999984
 0 -200 -400 -400 200 300 0 0 0 0
 0 0 0 -2480 0 0 0 2480 0 -1364
 -152.3599999999999 -1015 -152.86999999999986 -2303.5499999999888 1188 -1065 -369.68000000000001 2287.4899999999907 -146.24000000000035 -1161
 -5563.943000000002 -7997.0630000000001 -1885.0030000000036 -14661.303000000016 -6084.5360000000082 -3197.0929999999971 -7704.4230000000025 12108.090999999984 -11207.471999999994 -8256.2009999999955
 -15782.204999999985 -16578.124999999996 -13297.906999999985 -8720.982 -16649.356999999996 -12789.048999999999 -15108.749 5798.8820000000051 -15014.572000000035 -16610.098000000038
 -37696.635000000009 -49778.48000000001 -36060.999999999956 -28478.069999999996 -24213.780000000072 -29741.125000000015 -52218.584999999934 -14442.985000000092 -37627.279999999766 -54239.270000000557
 -61954.004000000095 -90224.91999999994 -69936.741999999984 -58073.072 -62440.181999999935 -64466.037000000055 -70511.141000000032 -32268.290000000008 -66386.935999999871 -72256.300000000061
 -82544.596000000063 -112164.80499999975 -87041.185000000056 -77403.148000000074 -94963.002999999924 -92039.723999999653 -100951.04199999972 -64780.435999999943 -89037.228000000294 -69640.213000000338
 -105605.81000000014 -119360.33000000025 -94398.450000000172 -94891.169999999795 -134216.85000000027 -114699.97000000034 -111526.75000000019 -87120.030000000042 -101493.54000000012 -67162.230000000098
 -106929.92399999975 -125208.05000000005 -117490.02800000005 -112581.679 -151045.34299999999 -121408.35699999981 -113663.85200000025 -96766.045999999944 -107068.10000000001 -72836.657999999967
 -123061.53699999998 -129927.34899999989 -121769.98200000003 -128304.38600000004 -141738.86500000028 -123967.11800000002 -127948.74300000024 -103881.52700000006 -109850.58599999994 -97152.438999999737
 -98676.535000000091 -98812.859999999986 -108769.54000000002 -96127.840000000186 -90565.26999999999 -100931.00999999995 -93642.230999999883 -67348.020000000135 -98157.104000000341 -112657.58999999962
 -62260.330000000031 -56419.272999999979 -73891.565999999715 -61491.363999999994 -47584.437999999907 -45643.027999999969 -66833.671999999846 -43877.801999999931 -74801.277000000322 -73131.909999999814
 -24062.550000000043 -15754.019999999975 -34262.325200000079 -19096.619999999984 -14182.629999999996 10855.105000000016 -30718.459999999999 -19018.554799999933 -34033.365000000122 -20678.58500000001
 -3149 -1793 -2477.6999999999998 -9093.3999999999978 -3773.3999999999996 9226.399999999996 -2842 2180 -3158 -4274
 -1823 -1892 -585 2100 -200 -1200 -23 -200 -23 -1446
 -4752 -3006 4131.0000000000018 -2032.0999999999999 -431.09999999999968 -6992.3300000000017 -6156.5000000000018 465.0499999999995 -3444.8200000000052 -3536.75
 -7027.7276999999976 -9223.5962 -5841.1756999999943 -18231.325100000002 -12862.637400000001 -8284.2384999999813 -9617.6100000000079 -4226.7950000000019 -2868.9580999999944 -12384.176200000007
 -32277.98000000001 -33309.329999999987 -29550.149000000001 -24798.090000000033 -31233.709999999959 -27892.499999999964 -37035.299999999988 -11945.117999999973 -23262.175999999912 -44721.455999999715
 -61984.807000000226 -80791.97900000021 -62519.693999999981 -57798.225999999915 -63264.699000000139 -70468.521999999983 -76084.426999999938 -47153.328000000016 -64028.230999999978 -54362.942999999839
 -72538.463000000003 -96497.535999999644 -74409.722000000067 -79651.230000000389 -86988.537999999768 -80815.080000000133 -84704.310999999783 -68044.64300000004 -70034.712999999814 -73027.053000000233
 -70958.260000000082 -94019.810000000405 -77348.560000000143 -76938.530000000173 -82834.490000000267 -75056.530000000334 -85482.639999999577 -43012.359999999993 -59676.869999999835 -83326.149999999863
 -66273.395000000048 -67756.145000000048 -65903.999999999913 -62104.254999999946 -88070.19299999997 -67926.692000000068 -71886.925000000163 -48390.540000000248 -72224.289999999659 -72354.935000000158
 -58382.6949999996 -54425.900000000271 -59395.165000000205 -55446.874999999796 -87662.764999999956 -69473.695000000167 -75362.674999999886 -48424.470000000154 -82014.849999999802 -84667.869999999457
 -87332.719999999972 -95887.540000000037 -99900.311000000002 -108675.82900000027 -98415.489999999656 -106018.60000000005 -112416.79000000004 -96839.326000000059 -93122.579999999798 -100692.53400000031
 -93216.880000000077 -95347.359999999986 -97795.479999999763 -100372.52999999998 -79333.849999999962 -101595.78000000003 -102298.49000000025 -83037.669999999984 -96516.27000000012 -104152.03999999998
 -49798.025000000212 -57792.025000000016 -66140.270000000077 -28664.031000000243 -50222.857000000244 -53935.814999999908 -62581.355000000025 -32585.890000000029 -41718.029000000046 -51624.719999999965
 -24044.509999999984 -21777.549999999974 -27874.259999999995 -11254.310000000025 -31940.280000000002 -9681.3999999999778 -30494.919999999991 -19234.199999999968 -14348.739999999996 -15752.460000000006
 -11591 -4696 -6411 -3791.4000000000015 -6284 6433 -5844 -4448 -2049.5999999999985 -8110
 -100 -500 5500 0 -500 0 -1900 0 -5000 -200
 -1886.6999999999989 -1499.4000000000001 3478.4999999999986 -2412.4579999999987 -291.79200000000014 -1791.123 -3162.0460000000003 -2810.6840000000002 -1579.6500000000012 184.20000000000005
 -14172.849000000002 -11842.799999999992 -10830.398999999999 -34030.879000000001 -20903.268000000033 -3662.0419999999986 -19748.12000000001 -9879.9700000000357 -10447.530000000021 -23271.019999999953
 -41928.509999999922 -49784.799999999937 -29858.650000000081 -62913.870000000141 -51055.289999999914 -38808.679999999898 -53037.279999999999 -46566.700000000004 -41989.459999999723 -38402.950000000099
 -72689.159999999974 -87753.759999999922 -65085.305000000044 -59398.615000000049 -56424.669999999998 -59452.700000000092 -70627.220000000001 -59501.274999999725 -67805.304999999702 -56421.720000000023
