# Created by Octave 5.2.0, Fri Sep 24 15:48:33 2021 CEST <jocalmo@alumno.upv.es@ldsic-vdi17.upvnet.upv.es>
# name: w
# type: matrix
# rows: 2001
# columns: 2
 -100000 100000
 22191.199999998305 -22191.199999998305
 -54458.700000007528 54458.700000007528
 756142.00000016624 -756142.00000016624
 5534.3999999984744 -5534.3999999984744
 303483.00000006129 -303483.00000006129
 854293.39999997849 -854293.39999997849
 -297191.70000001392 297191.70000001392
 636869.50000010862 -636869.50000010862
 102645.7999999998 -102645.7999999998
 204675.09999999669 -204675.09999999669
 -176695.299999991 176695.299999991
 28424.399999994272 -28424.399999994272
 291955.30000001204 -291955.30000001204
 -177388.39999999298 177388.39999999298
 -907862.20000006526 907862.20000006526
 403523.20000003366 -403523.20000003366
 -593316.20000005083 593316.20000005083
 889865.10000008508 -889865.10000008508
 -267127.00000005774 267127.00000005774
 -597391.90000007174 597391.90000007174
 -490642.50000003137 490642.50000003137
 13418.100000001577 -13418.100000001577
 -258290.30000006713 258290.30000006713
 -678635.20000015141 678635.20000015141
 -981523.00000002992 981523.00000002992
 39989.799999999428 -39989.799999999428
 98978.700000021068 -98978.700000021068
 -664915.49999998277 664915.49999998277
 71255.800000000701 -71255.800000000701
 -199165.49999995597 199165.49999995597
 730518.90000007604 -730518.90000007604
 708134.89999996289 -708134.89999996289
 306040.0000000259 -306040.0000000259
 708205.000000083 -708205.000000083
 -1751116.299999675 1751116.299999675
 -679370.29999995732 679370.29999995732
 -336914.60000000161 336914.60000000161
 -222975.20000004242 222975.20000004242
 -231738.70000000636 231738.70000000636
 -296507.09999991796 296507.09999991796
 744804.09999996296 -744804.09999996296
 51879.700000009136 -51879.700000009136
 -549617.50000005611 549617.50000005611
 -67797.000000000815 67797.000000000815
 521013.50000009598 -521013.50000009598
 -384957.59999998804 384957.59999998804
 1176154.7999998038 -1176154.7999998038
 228112.10000000533 -228112.10000000533
 446854.99999999703 -446854.99999999703
 78911.199999974022 -78911.199999974022
 -350331.6999999712 350331.6999999712
 -9207.199999999495 9207.199999999495
 -1131070.0999997868 1131070.0999997868
 32091.399999989921 -32091.399999989921
 554663.80000006605 -554663.80000006605
 -309610.40000000049 309610.40000000049
 -31130.100000001097 31130.100000001097
 -265896.7000000205 265896.7000000205
 267246.89999999863 -267246.89999999863
 455356.6000000168 -455356.6000000168
 -678602.29999986291 678602.29999986291
 -570034.20000000834 570034.20000000834
 246417.50000001449 -246417.50000001449
 -132971.4000000167 132971.4000000167
 95990.200000002136 -95990.200000002136
 771709.49999992445 -771709.49999992445
 -101862.49999999667 101862.49999999667
 812178.19999993697 -812178.19999993697
 119550.50000000525 -119550.50000000525
 -380091.70000006253 380091.70000006253
 -1264711.400000117 1264711.400000117
 115581.69999999364 -115581.69999999364
 971488.79999979027 -971488.79999979027
 1787431.5999999503 -1787431.5999999503
 -1284992.300000323 1284992.300000323
 -2033117.4999997329 2033117.4999997329
 -278392.19999981421 278392.19999981421
 602380.09999999078 -602380.09999999078
 -862565.69999999087 862565.69999999087
 591634.40000002855 -591634.40000002855
 -203734.9000000282 203734.9000000282
 -882132.90000000363 882132.90000000363
 -111350.89999999435 111350.89999999435
 1085401.399999962 -1085401.399999962
 -138868.70000001576 138868.70000001576
 -718795.99999980768 718795.99999980768
 -915713.2999999969 915713.2999999969
 -463275.40000001679 463275.40000001679
 216240.30000001041 -216240.30000001041
 297091.69999999483 -297091.69999999483
 713890.89999994182 -713890.89999994182
 330742.5000000018 -330742.5000000018
 -335050.99999999499 335050.99999999499
 1109057.0000000114 -1109057.0000000114
 -136222.50000003667 136222.50000003667
 -24689.8999999974 24689.8999999974
 1161562.0000002573 -1161562.0000002573
 425752.30000001792 -425752.30000001792
 -678553.10000007274 678553.10000007274
 79138.800000001778 -79138.800000001778
 1177862.8000000722 -1177862.8000000722
 -701751.20000007888 701751.20000007888
 500090.5000000312 -500090.5000000312
 518590.90000014962 -518590.90000014962
 171436.10000001497 -171436.10000001497
 473511.7000000127 -473511.7000000127
 -43136.500000008811 43136.500000008811
 167658.00000000716 -167658.00000000716
 191239.8999999545 -191239.8999999545
 448565.90000002226 -448565.90000002226
 -610906.90000004484 610906.90000004484
 -631554.0000000092 631554.0000000092
 129900.0999999888 -129900.0999999888
 246442.0000000131 -246442.0000000131
 -1584491.9000003096 1584491.9000003096
 216866.50000005201 -216866.50000005201
 -6885.8999999999805 6885.8999999999805
 -240809.99999998932 240809.99999998932
 -1172483.2000001143 1172483.2000001143
 -112230.89999999672 112230.89999999672
 1184946.6000000781 -1184946.6000000781
 -1724419.7999999085 1724419.7999999085
 518240.29999991896 -518240.29999991896
 240398.20000000554 -240398.20000000554
 -1891836.9000001664 1891836.9000001664
 -295726.70000009279 295726.70000009279
 -456956.20000007434 456956.20000007434
 682846.49999992736 -682846.49999992736
 501950.3000000178 -501950.3000000178
 528033.20000009506 -528033.20000009506
 150578.60000003129 -150578.60000003129
 -67298.799999995084 67298.799999995084
 137841.99999995448 -137841.99999995448
 81659.100000039136 -81659.100000039136
 197570.80000004589 -197570.80000004589
 382319.60000000813 -382319.60000000813
 -2543130.3000002634 2543130.3000002634
 -325653.50000000175 325653.50000000175
 57361.499999995656 -57361.499999995656
 468492.99999997765 -468492.99999997765
 -501608.89999985619 501608.89999985619
 281814.59999995341 -281814.59999995341
 837624.00000007381 -837624.00000007381
 841562.20000006037 -841562.20000006037
 586413.10000002349 -586413.10000002349
 1668937.5999997659 -1668937.5999997659
 -261855.60000001543 261855.60000001543
 -174823.69999996515 174823.69999996515
 512926.69999998575 -512926.69999998575
 64939.599999987004 -64939.599999987004
 -289365.39999984822 289365.39999984822
 34969.099999990074 -34969.099999990074
 50896.399999775233 -50896.399999775233
 104627.60000000331 -104627.60000000331
 54081.799999989285 -54081.799999989285
 3525.2000000002845 -3525.2000000002845
 390679.29999999818 -390679.29999999818
 -805213.69999987318 805213.69999987318
 142714.1999999937 -142714.1999999937
 -428190.50000000343 428190.50000000343
 372146.30000005732 -372146.30000005732
 -377590.8999999949 377590.8999999949
 -1220201.5999999947 1220201.5999999947
 643597.40000002179 -643597.40000002179
 2121167.1999999108 -2121167.1999999108
 593282.9999998433 -593282.9999998433
 -141014.5000000041 141014.5000000041
 273100.30000001681 -273100.30000001681
 -164714.00000000084 164714.00000000084
 427960.00000007817 -427960.00000007817
 743786.6999999861 -743786.6999999861
 67323.800000002229 -67323.800000002229
 917382.40000010224 -917382.40000010224
 582824.00000003353 -582824.00000003353
 -83781.20000000966 83781.20000000966
 -930813.69999996142 930813.69999996142
 825880.20000009751 -825880.20000009751
 -852665.100000076 852665.100000076
 -23017.499999997686 23017.499999997686
 -255843.69999997766 255843.69999997766
 -1121696.999999963 1121696.999999963
 -1427666.3000001293 1427666.3000001293
 667072.9000000424 -667072.9000000424
 37175.300000017131 -37175.300000017131
 516066.49999993376 -516066.49999993376
 1671023.8999997226 -1671023.8999997226
 -1133730.8999999941 1133730.8999999941
 472721.89999996667 -472721.89999996667
 -589455.69999995828 589455.69999995828
 43976.099999993945 -43976.099999993945
 -10341.599999932734 10341.599999932734
 168077.8000000421 -168077.8000000421
 78977.90000001344 -78977.90000001344
 -1056500.0999999717 1056500.0999999717
 -599744.49999999267 599744.49999999267
 -172865.80000001038 172865.80000001038
 -373242.40000005462 373242.40000005462
